163
219
195
228
219
219
232
50
103
163
195
45
228
163
148
36
155
114
228
163
155
231
1
1
101
140
45
15
200
195
114
51
200
114
122
228
195
114
93
200
114
79
114
155
227
103
114
36
146
32
228
114
155
0
149
45
217
163
45
125
177
121
227
253
101
228
11
228
195
227
146
216
163
114
103
45
219
45
219
163
177
33
195
156
79
45
45
149
186
228
225
121
195
221
140
195
195
219
219
238
203
146
228
228
51
1
163
45
32
219
200
163
130
195
114
253
187
146
63
10
114
15
227
36
140
157
227
36
228
227
227
195
45
40
238
186
36
199
228
163
36
15
163
228
45
90
0
163
115
12
221
228
195
228
140
163
140
200
148
146
228
45
45
234
33
228
123
101
140
124
32
228
177
155
123
114
36
37
148
1
155
90
203
196
195
148
140
45
140
227
152
25
227
155
227
196
163
40
51
112
163
163
130
75
130
148
123
228
217
121
15
45
148
103
86
38
101
45
142
253
45
0
103
227
177
37
123
195
196
219
36
116
221
227
114
149
1
179
146
149
219
114
140
219
163
163
153
121
114
163
219
34
243
217
182
45
155
163
186
177
146
114
36
196
228
115
93
116
140
228
217
219
79
122
186
45
146
228
86
32
132
25
121
195
45
219
163
227
101
228
90
140
163
103
249
195
15
234
249
144
139
219
221
146
45
163
45
37
146
200
101
195
46
176
219
195
163
253
121
85
163
10
114
100
148
228
90
103
114
124
195
228
121
45
152
148
101
37
200
45
1
227
103
163
195
156
51
146
228
148
217
51
40
200
155
148
142
163
90
221
200
200
219
148
90
195
140
177
186
228
46
217
101
195
45
0
195
40
227
40
93
45
33
200
228
45
163
163
195
45
126
227
228
140
228
123
130
1
227
217
250
200
148
140
15
219
37
101
163
139
33
146
40
32
93
45
123
195
45
228
196
114
37
228
209
130
204
228
228
209
114
228
228
1
148
186
253
155
243
216
249
124
0
254
219
227
163
186
103
45
184
45
33
90
200
156
40
156
163
114
148
103
200
36
101
36
51
123
200
195
200
228
186
163
36
40
46
228
253
228
114
228
101
114
15
45
195
156
234
59
146
200
101
45
45
217
228
140
163
25
219
15
163
123
114
217
146
163
219
228
45
121
227
218
175
124
156
219
35
45
195
253
59
130
140
200
253
227
177
114
228
227
200
195
1
228
177
45
219
195
101
195
15
45
114
123
59
228
219
219
45
86
103
123
103
228
140
228
195
140
196
219
140
124
36
0
140
45
163
195
155
228
101
45
227
227
195
114
196
0
146
114
200
228
195
195
253
121
1
217
163
36
79
116
219
228
45
37
36
1
155
114
45
253
121
219
228
114
163
25
195
114
163
101
40
45
114
219
186
195
36
200
163
155
221
25
163
123
15
114
219
36
15
114
114
36
148
199
228
155
140
217
228
227
219
45
208
140
149
177
25
228
15
114
195
33
114
36
195
195
79
195
114
228
112
45
217
103
253
45
228
195
45
121
140
45
1
36
45
163
1
228
36
155
140
228
219
45
45
25
45
36
36
219
45
228
45
149
112
149
101
103
45
123
195
114
93
45
114
36
25
101
228
1
249
103
221
25
79
40
24
17
45
101
101
74
40
24
217
126
195
212
130
217
25
40
121
216
120
237
148
45
45
130
148
234
115
215
45
63
20
228
45
45
234
71
142
234
25
45
40
212
37
217
195
33
1
219
9
219
219
62
228
234
1
234
33
147
148
101
145
182
39
177
44
215
219
0
148
209
250
244
182
36
40
63
103
217
33
195
216
114
217
209
150
90
150
148
250
217
195
127
167
219
40
234
174
16
45
234
33
194
107
195
163
163
45
229
156
150
64
219
126
30
204
217
209
0
189
109
0
21
45
36
217
183
30
45
156
195
195
1
34
212
1
182
218
188
40
1
142
151
136
135
33
98
228
79
45
2
41
228
216
130
42
44
215
203
135
105
136
228
79
156
40
124
118
0
45
170
130
45
45
38
219
250
72
211
15
17
205
17
219
227
182
201
219
107
217
163
130
37
130
0
114
1
103
228
45
148
217
156
163
164
45
75
156
234
45
186
171
173
129
217
219
217
107
39
0
234
212
45
195
182
228
36
50
219
146
217
219
163
173
156
216
114
127
173
64
217
94
146
114
217
163
139
215
195
158
10
172
219
215
45
219
45
156
45
219
45
10
243
1
216
38
217
217
119
218
125
0
217
45
130
219
228
21
33
219
163
163
228
103
195
45
22
78
23
188
163
182
219
45
45
207
40
10
21
42
40
42
219
44
219
42
163
45
1
131
114
228
163
85
173
101
156
182
219
228
151
228
124
101
237
45
195
219
122
217
197
101
177
6
246
125
171
217
30
219
0
243
206
45
47
119
17
45
219
71
228
169
182
197
36
186
219
45
228
226
45
45
133
228
200
200
119
64
155
217
142
207
159
1
35
219
111
45
163
112
182
215
239
101
93
228
224
195
45
228
219
228
113
200
178
159
156
101
228
88
4
240
219
45
243
128
45
219
163
45
45
228
215
106
171
9
1
104
114
126
101
195
1
119
44
45
182
182
219
228
200
233
163
195
44
114
228
182
228
163
45
217
163
223
78
219
5
0
34
79
192
200
195
45
45
217
200
90
195
64
195
159
219
228
114
200
217
228
23
61
66
40
156
36
195
250
45
119
66
119
40
155
36
44
169
45
197
200
36
200
241
219
215
67
219
114
7
219
45
0
200
45
30
200
228
195
195
45
200
163
163
114
45
188
155
195
227
195
45
201
195
212
35
217
43
219
241
195
101
1
1
1
228
16
215
73
101
45
228
45
34
217
219
219
40
219
45
219
79
114
206
219
115
36
219
219
226
101
40
163
241
168
219
45
182
96
163
228
48
163
226
219
195
195
163
16
45
217
243
228
35
235
219
188
34
101
36
244
115
101
158
16
45
163
45
163
195
228
93
228
16
45
45
228
207
81
45
237
16
195
45
241
182
53
45
163
195
45
195
228
119
45
195
219
101
188
101
227
188
227
228
219
156
228
197
96
195
126
163
219
36
36
44
228
250
226
1
228
195
93
243
163
25
241
45
241
156
241
219
228
163
101
197
217
148
19
101
228
101
228
155
228
14
188
228
227
227
93
151
76
197
119
227
163
227
219
195
195
188
195
219
201
149
226
194
155
36
223
238
36
45
195
217
180
228
200
227
254
101
45
228
101
155
45
9
228
163
228
146
228
227
228
184
195
245
227
228
226
71
148
32
101
182
219
143
227
227
155
124
155
195
228
101
188
219
170
228
155
161
188
101
228
227
51
101
197
101
124
101
228
0
228
228
155
101
155
79
45
163
103
188
148
188
156
228
188
155
228
51
219
241
195
195
227
195
227
101
79
155
163
104
60
101
228
197
197
245
145
45
171
146
227
130
215
228
114
36
192
45
1
219
188
45
219
228
227
227
188
45
188
114
201
190
219
217
45
227
45
155
45
219
188
114
146
101
188
45
226
163
163
5
115
228
217
16
227
219
0
217
219
0
0
103
186
155
227
44
187
1
228
249
101
101
128
243
169
217
217
228
199
163
111
45
45
195
16
33
228
129
16
187
200
163
130
188
195
228
32
114
45
155
146
228
1
228
124
196
203
195
219
195
219
195
163
195
130
79
228
228
171
188
188
246
45
101
45
68
103
228
16
103
228
195
188
65
45
219
45
195
45
16
227
83
227
219
193
155
227
227
228
195
45
114
163
126
16
227
45
227
86
228
45
219
228
155
155
36
112
45
227
219
188
195
33
195
103
195
228
230
228
163
133
217
163
228
161
217
227
188
101
101
156
15
228
16
36
227
228
45
228
219
16
219
195
188
163
101
215
101
197
195
163
101
114
36
228
114
195
33
45
52
188
101
181
228
114
219
227
114
103
228
114
114
197
228
45
45
217
16
227
10
32
224
215
215
163
219
219
226
180
152
228
155
188
188
195
219
228
195
188
114
79
163
228
226
219
188
36
45
45
45
195
227
79
188
188
195
155
195
243
188
115
187
250
219
101
195
45
45
221
45
36
227
113
101
163
44
217
45
227
227
79
226
45
124
29
219
228
228
209
1
217
219
104
163
155
188
195
101
228
51
224
155
188
101
16
115
103
226
101
228
162
36
178
45
188
163
226
219
36
217
195
16
163
155
155
163
217
45
45
238
16
195
195
195
45
16
101
45
188
227
101
103
45
45
97
195
219
155
188
155
175
45
45
1
195
196
188
250
195
197
45
101
0
188
155
241
45
223
223
30
228
195
1
232
45
155
155
243
188
243
51
216
188
33
36
185
227
215
18
201
180
228
196
149
228
163
195
152
103
182
183
33
146
219
203
16
103
155
111
227
101
45
101
227
188
45
155
215
163
226
194
45
155
188
45
45
103
228
182
45
228
100
45
188
35
19
126
215
226
114
69
100
163
1
114
56
45
45
163
114
195
228
36
36
45
219
219
219
124
101
101
228
228
238
188
217
45
45
241
228
45
217
20
114
226
125
121
182
219
86
196
204
105
96
129
17
65
103
45
243
55
45
29
90
45
195
45
1
45
108
45
226
0
103
45
33
45
214
188
217
103
103
10
228
219
16
139
163
45
217
163
10
115
219
19
45
103
206
45
162
219
228
121
45
112
25
163
36
33
44
204
165
36
36
45
226
45
79
197
36
223
217
45
8
219
163
155
129
108
155
219
253
177
155
197
195
0
223
221
228
228
219
114
79
101
114
87
45
36
217
219
117
155
217
243
155
195
177
69
45
238
155
0
51
197
114
113
219
130
45
45
114
180
184
45
163
45
234
163
215
156
45
45
45
114
103
89
191
143
114
47
219
93
251
177
146
103
228
73
45
163
10
228
163
221
103
96
187
45
48
45
36
196
243
219
228
45
101
191
114
138
226
156
197
219
243
95
228
114
187
221
187
226
184
199
228
215
51
45
135
195
1
155
158
1
90
163
96
241
104
223
135
33
155
36
228
19
188
155
54
246
103
163
219
165
195
103
238
241
31
192
114
103
90
101
1
228
36
1
45
219
103
217
45
195
195
250
191
195
45
45
162
219
228
149
103
114
187
115
92
209
45
163
115
5
45
45
237
228
241
119
103
45
163
103
7
228
217
195
219
45
219
103
114
187
113
228
217
25
45
40
163
114
44
1
45
45
29
195
188
217
156
45
114
155
209
228
149
45
45
90
45
103
195
195
1
45
36
241
79
36
7
58
228
103
182
114
163
103
163
163
103
45
45
219
247
103
90
228
45
90
114
103
7
217
45
115
45
195
163
49
114
45
188
115
217
45
217
1
16
36
196
101
103
90
247
45
161
216
163
149
82
18
228
103
247
103
217
243
163
197
149
36
163
25
182
36
29
228
219
160
219
129
195
45
29
45
53
163
219
247
1
15
143
45
78
195
111
226
247
215
103
90
37
219
45
217
19
35
96
163
90
243
1
103
45
143
219
187
103
45
1
163
163
219
219
29
110
101
219
228
79
149
217
45
219
86
223
228
45
149
114
252
219
16
114
29
198
65
217
114
103
45
40
40
51
219
45
119
241
1
228
218
219
226
86
25
33
103
90
33
45
45
219
192
149
45
114
163
8
195
45
45
45
237
217
180
218
36
26
197
219
200
0
188
15
1
248
45
163
241
36
163
36
250
219
45
219
163
129
45
155
135
156
195
103
16
195
143
114
104
77
90
214
45
219
114
45
228
45
45
102
79
45
36
237
45
67
45
90
92
219
29
45
36
129
130
219
45
114
188
188
242
217
219
141
219
114
0
36
230
225
45
89
217
219
219
228
153
243
36
30
217
228
163
219
114
217
228
219
45
195
143
225
40
45
103
8
219
90
33
195
195
177
219
163
195
180
177
45
247
199
45
213
45
103
103
36
163
45
195
148
15
27
7
114
217
219
141
45
32
166
45
36
103
129
36
227
217
195
241
101
36
163
203
141
219
36
45
45
192
103
1
217
163
90
0
45
228
219
36
119
79
114
195
86
177
219
19
114
36
114
36
227
45
45
219
113
156
129
1
15
45
45
197
45
228
1
217
80
45
45
165
160
114
16
104
228
114
204
45
219
163
163
251
45
228
187
114
45
219
163
243
188
114
1
36
155
36
1
1
90
143
45
113
143
1
45
45
200
228
15
219
184
70
191
0
163
149
103
29
29
195
0
163
143
45
143
227
67
215
101
45
36
202
45
36
79
219
163
45
101
195
101
219
228
217
241
210
114
149
36
129
16
156
1
195
217
195
40
45
10
0
228
15
228
45
103
103
219
45
114
217
195
36
45
228
193
188
114
149
250
171
45
36
45
45
36
45
228
86
45
163
195
1
114
45
217
9
36
0
195
1
79
45
86
163
64
114
114
219
45
113
93
45
30
143
228
197
45
149
38
163
33
163
195
45
228
45
45
163
247
101
103
114
13
163
162
187
114
163
228
228
86
145
36
45
15
200
166
45
30
253
149
149
185
195
185
149
45
45
219
149
219
243
219
243
248
149
195
45
45
163
149
163
217
219
228
195
163
1
45
163
195
228
146
163
36
45
129
143
219
36
114
217
45
103
213
40
18
228
1
196
250
45
36
45
45
45
0
195
227
224
45
45
163
177
163
182
163
163
219
228
217
180
124
0
163
188
36
36
163
200
129
177
114
195
227
217
149
45
149
163
3
163
149
219
130
139
1
45
45
45
36
101
149
45
86
185
149
36
114
114
45
182
163
149
45
219
79
89
188
36
195
114
118
228
45
45
1
5
149
228
149
1
115
250
9
33
195
16
114
45
45
156
114
25
219
242
219
114
217
36
177
163
228
114
163
45
33
45
215
40
250
113
45
1
232
114
121
114
68
237
45
188
195
33
198
110
1
228
114
180
115
149
252
114
15
36
163
45
163
115
1
227
36
103
33
36
45
152
79
195
45
36
195
45
217
226
40
79
40
23
45
114
45
101
101
45
149
163
149
114
163
1
45
36
163
45
0
163
96
1
36
129
241
185
129
219
141
95
15
228
101
45
143
40
36
1
45
101
79
141
45
163
36
1
213
228
45
228
114
103
196
196
45
33
45
16
33
101
45
5
228
195
163
149
101
163
1
163
180
203
45
114
195
163
195
79
114
180
45
45
149
228
123
195
124
113
219
88
219
45
45
45
143
36
103
36
149
45
114
25
15
103
45
234
114
143
36
143
188
101
195
217
45
227
45
45
178
86
45
195
219
143
16
96
244
0
45
163
36
15
219
195
45
143
1
188
101
227
217
45
163
45
0
224
196
45
114
16
45
79
149
103
143
163
45
0
0
36
149
33
227
195
45
228
33
45
188
45
217
163
16
45
36
219
165
45
185
114
195
45
25
114
143
121
252
45
236
79
101
1
45
33
45
195
195
253
216
86
217
36
36
114
219
219
45
188
33
45
45
114
45
36
195
219
45
137
217
177
45
188
114
134
149
101
219
45
36
36
114
129
177
28
45
45
45
45
180
188
215
36
103
36
15
114
15
164
45
195
45
7
113
221
45
45
45
45
115
143
124
45
182
163
243
45
79
45
1
45
193
45
16
203
195
45
15
217
203
114
195
45
227
45
45
79
163
45
45
45
163
248
33
250
45
45
163
45
195
149
15
114
195
45
219
45
163
5
45
45
103
45
195
217
195
114
45
195
143
243
195
65
45
148
45
45
163
114
45
215
195
45
195
45
45
163
114
195
195
220
163
188
45
114
163
79
45
15
45
195
195
45
101
114
45
250
114
101
188
139
45
0
45
45
32
45
195
163
45
124
45
195
250
45
45
45
45
45
33
45
45
45
163
45
45
45
45
217
36
219
219
143
45
45
45
45
1
163
219
45
163
45
248
45
45
45
114
86
49
148
45
250
250
90
228
227
25
25
163
163
96
40
45
79
139
45
187
45
165
211
219
219
195
0
90
45
116
155
182
228
143
114
195
45
217
45
1
217
195
143
182
44
45
36
198
36
219
45
114
228
45
156
188
45
45
44
219
219
187
143
228
195
15
226
45
163
224
36
0
228
0
101
114
114
228
103
217
25
195
103
45
250
15
228
45
10
45
45
182
45
45
45
228
195
114
114
138
219
228
219
209
163
227
197
7
58
103
191
219
101
217
79
23
0
114
195
33
120
155
114
191
180
196
79
219
156
128
219
79
114
163
79
1
45
45
36
98
219
227
1
228
195
219
45
1
217
237
219
163
90
156
217
182
101
90
163
101
45
195
16
114
36
101
124
219
219
45
45
113
45
219
224
45
101
163
228
163
228
114
104
1
143
33
162
219
101
91
93
36
155
215
25
163
36
45
241
114
45
79
45
155
96
195
152
195
195
36
228
101
237
103
195
163
45
188
219
248
1
217
114
114
219
219
227
146
163
163
4
25
45
45
1
195
228
228
195
45
103
219
114
143
195
250
228
195
195
187
163
45
219
36
45
220
101
226
196
163
130
185
163
224
1
228
36
45
219
114
182
163
1
195
49
155
188
195
16
149
219
96
185
84
30
227
45
204
219
195
99
195
227
185
227
222
26
45
219
228
7
1
114
45
219
114
195
184
163
25
228
227
195
1
227
196
96
149
215
15
1
228
0
124
155
114
16
195
36
188
171
163
31
7
227
86
195
228
241
250
219
45
124
155
113
149
1
165
195
114
1
155
195
114
45
219
163
227
96
114
45
185
45
165
36
228
1
219
31
228
101
40
197
228
188
36
197
1
243
79
40
155
103
45
124
45
103
103
45
114
241
196
216
187
1
165
130
101
16
215
101
217
188
1
96
163
4
143
36
45
45
163
114
228
228
45
101
219
228
164
114
45
45
103
160
45
45
101
219
152
36
40
1
45
45
191
241
163
196
219
195
219
163
163
36
182
69
79
154
101
36
219
228
171
219
195
226
101
36
135
45
149
163
250
187
103
36
219
182
195
195
219
45
227
228
228
195
25
16
163
155
195
219
79
195
103
45
149
112
79
45
196
45
219
51
195
1
237
110
36
219
1
15
103
250
188
220
36
45
36
163
212
101
227
18
163
45
68
45
143
227
45
187
101
1
33
33
45
219
227
45
45
57
163
103
45
217
121
45
36
49
15
195
195
197
152
105
103
65
195
228
79
45
121
36
188
219
220
226
163
243
45
195
45
163
45
143
219
7
195
228
187
1
219
45
101
161
188
15
241
195
163
79
195
109
45
188
45
45
28
0
33
124
45
103
45
0
5
45
228
1
1
251
45
141
45
1
219
219
36
15
